002490 3.93
300326 3.9
002559 3.393
600821 3.387
000818 3.202
002700 3.097
300337 2.919
002374 2.646
300287 2.626
000922 2.597
300240 2.544
600740 2.524
601999 2.508
600610 2.493
000791 2.491
600410 2.368
600287 2.319
000757 2.286
000055 2.266
600517 2.187
002246 2.164
002312 2.036
002597 2.022
000565 1.985
600084 1.97
600657 1.905
002073 1.882
002045 1.866
002503 1.8
002538 1.748
002221 1.737
002254 1.667
000780 1.649
002711 1.61
600139 1.535
603012 1.525
002421 1.481
002708 1.455
002042 1.442
002484 1.413
000613 1.404
603111 1.399
600105 1.373
300197 1.363
002601 1.36
000679 1.328
600131 1.316
002567 1.299
002183 1.294
002052 1.289
300102 1.277
002160 1.268
600491 1.231
600877 1.231
600305 1.206
002426 1.163
002079 1.148
300303 1.125
300316 1.116
600216 1.098
002245 1.079
300370 1.071
600579 1.064
601001 1.055
000800 1.033
000848 0.977
300297 0.971
000006 0.966
002056 0.964
300002 0.941
002644 0.94
000518 0.863
601968 0.862
002547 0.856
000788 0.83
002467 0.818
000863 0.815
300025 0.795
002472 0.789
002539 0.787
000705 0.776
600405 0.773
600126 0.771
601225 0.756
000564 0.733
600400 0.726
600698 0.724
002402 0.714
600716 0.704
300264 0.703
002176 0.698
002390 0.691
002406 0.67
600555 0.669
600704 0.667
600435 0.665
601579 0.654
002330 0.645
000801 0.645
000936 0.638
002078 0.632
002677 0.63
002081 0.583
600398 0.582
002219 0.572
000592 0.566
300152 0.553
002516 0.551
600168 0.542
600597 0.537
600565 0.52
002161 0.518
000965 0.51
001696 0.507
300239 0.505
600572 0.481
002701 0.473
600163 0.448
000521 0.439
600186 0.438
600461 0.406
000046 0.387
601158 0.386
000429 0.364
000068 0.351
002020 0.337
600103 0.313
002099 0.312
000620 0.308
002692 0.293
601216 0.249
603077 0.207
000056 0.193