300026 10.688
002436 10.388
300326 7.727
002559 5.837
002700 4.562
002374 4.039
600287 3.95
600693 3.649
000818 3.608
600821 3.555
300337 3.486
000922 3.478
002490 3.213
300163 3.179
600183 2.94
000757 2.55
002597 2.441
300240 2.276
002507 2.134
600305 2.053
002221 2.037
600084 1.984
002167 1.889
002312 1.829
600740 1.823
601999 1.814
000055 1.8
002421 1.74
000565 1.729
002160 1.623
600105 1.596
002073 1.592
002538 1.587
600579 1.576
002429 1.543
300102 1.487
002567 1.465
600517 1.439
002711 1.43
000823 1.427
000518 1.412
002484 1.376
000613 1.341
002141 1.329
000721 1.324
002644 1.276
600131 1.273
000791 1.236
002042 1.221
300064 1.21
600686 1.206
002183 1.191
000919 1.185
600337 1.181
000426 1.168
000788 1.161
000570 1.152
300316 1.136
002245 1.107
600110 1.09
002465 1.082
002246 1.079
603012 1.072
600505 1.053
600491 1.018
002254 0.968
601231 0.924
601038 0.901
000564 0.886
000961 0.876
600489 0.872
002426 0.871
300182 0.856
002503 0.843
000967 0.823
000755 0.812
002310 0.799
600126 0.794
600248 0.739
002472 0.729
002574 0.727
000848 0.715
603111 0.695
002601 0.684
600321 0.679
000046 0.676
300301 0.664
300197 0.633
002219 0.631
600776 0.624
002390 0.61
300058 0.579
002332 0.559
002155 0.558
000863 0.557
600698 0.553
002050 0.53
002078 0.502
600216 0.493
000800 0.478
600139 0.475
002256 0.472
600377 0.47
002236 0.469
600555 0.456
002701 0.446
600597 0.44
600408 0.43
300303 0.415
600461 0.407
000921 0.402
000976 0.38
002237 0.371
002476 0.368
300002 0.353
600400 0.347
000731 0.343
000519 0.342
000679 0.331
000608 0.329
002081 0.325
000936 0.311
000839 0.291
002677 0.283
000421 0.278
600178 0.272
000592 0.269
603366 0.267
600398 0.265
600572 0.264
000918 0.257
002044 0.247
601225 0.241
002367 0.241
000612 0.23
002020 0.22
002132 0.197
000965 0.193
000780 0.183
002099 0.173
600168 0.168
600076 0.166
600246 0.154
600690 0.152
002127 0.152
002024 0.138
300261 0.138
601222 0.137
002249 0.133
601001 0.127
000888 0.124
000429 0.117
300239 0.117
002314 0.11
600163 0.103
601199 0.103
600477 0.102
000801 0.09
002351 0.087
002547 0.087
002285 0.084
002708 0.072
600117 0.07
000729 0.066
002431 0.052
600512 0.04
600565 0.03
002413 0.026
600186 0.025
601016 0.018
600422 -0.003
600310 -0.004
600082 -0.005
000056 -0.015
002333 -0.019
002516 -0.021
603077 -0.043
002303 -0.045
600803 -0.054
002043 -0.056
002079 -0.064
601216 -0.066
600016 -0.068
600418 -0.072
002052 -0.074
002097 -0.083
600227 -0.084
300187 -0.086
002467 -0.09
002062 -0.097
600141 -0.103
600790 -0.104
600502 -0.105
002539 -0.108
300287 -0.119
600235 -0.122
601939 -0.123
002056 -0.129
002521 -0.129
002317 -0.13
002330 -0.132
002550 -0.134
000705 -0.138
300155 -0.138
600237 -0.142
001696 -0.143
600059 -0.144
002016 -0.145
600006 -0.149
601010 -0.149
601886 -0.149
000521 -0.154
002083 -0.161
002481 -0.165
002406 -0.169
600103 -0.171
000566 -0.178
002240 -0.189
002156 -0.193
600078 -0.195
601328 -0.197
600716 -0.2
600236 -0.203
600704 -0.205
000927 -0.208
002126 -0.208
000837 -0.209
000908 -0.21
002402 -0.22
002244 -0.225
600067 -0.228
002176 -0.237
002535 -0.238
002385 -0.238
601898 -0.241
002100 -0.242
000010 -0.246
601633 -0.247
600185 -0.247
002145 -0.247
601158 -0.256
300198 -0.257
000949 -0.258
002531 -0.26
600820 -0.262
601515 -0.264
000737 -0.269
000338 -0.269
300207 -0.271
002688 -0.28
601789 -0.281
600851 -0.286
601579 -0.287
000627 -0.293
600027 -0.294
600499 -0.299
600711 -0.3
600405 -0.305
002542 -0.313
000601 -0.316
600410 -0.316
002477 -0.327
000600 -0.327
600094 -0.344
002181 -0.345
600217 -0.35
300325 -0.354
600481 -0.355
600503 -0.356
600823 -0.356
000631 -0.363
601616 -0.368
300132 -0.371
300370 -0.372
600770 -0.374
000861 -0.38
002463 -0.384
600580 -0.389
600705 -0.396
600435 -0.397
000430 -0.397
002302 -0.397
600011 -0.398
000978 -0.412
000993 -0.413
601137 -0.415
600755 -0.417
600533 -0.421
601177 -0.426
000620 -0.428
600352 -0.43
000561 -0.432
002264 -0.434
600438 -0.435
002496 -0.437
600121 -0.446
600507 -0.45
601208 -0.453
300152 -0.454
002345 -0.467
600335 -0.467
600787 -0.478
600116 -0.478
600350 -0.48
002228 -0.48
000756 -0.484
600261 -0.488
600068 -0.491
002693 -0.496
300263 -0.5
600326 -0.5
002681 -0.501
000966 -0.504
000546 -0.506
600478 -0.507
600153 -0.511
000540 -0.511
000886 -0.512
601968 -0.516
002697 -0.517
600303 -0.518
002448 -0.526
300307 -0.526
600688 -0.529
000026 -0.538
600313 -0.54
000559 -0.543
601857 -0.545
002005 -0.552
600187 -0.553
002489 -0.559
600268 -0.56
600351 -0.562
600780 -0.563
002091 -0.566
600052 -0.568
600530 -0.572
002375 -0.576
600975 -0.579
002470 -0.58
000875 -0.586
601126 -0.587
000778 -0.587
600713 -0.588
002305 -0.591
002433 -0.599
601996 -0.599
000040 -0.603
002528 -0.606
002161 -0.607
601519 -0.615
600070 -0.615
002348 -0.619
600095 -0.62
000428 -0.622
000795 -0.623
002060 -0.628
300012 -0.631
000652 -0.632
600322 -0.639
600724 -0.643
002471 -0.643
002506 -0.644
600396 -0.645
002497 -0.649
000902 -0.65
300318 -0.65
600468 -0.652
601668 -0.656
000539 -0.657
002554 -0.663
000753 -0.666
600726 -0.667
600736 -0.668
600361 -0.672
601009 -0.678
601155 -0.678
600330 -0.681
600827 -0.683
600515 -0.684
601313 -0.692
600854 -0.692
000900 -0.694
300189 -0.696
300172 -0.702
600802 -0.707
000030 -0.708
002157 -0.709
600210 -0.718
600606 -0.72
600862 -0.72
000036 -0.724
002045 -0.724
002267 -0.727
000031 -0.728
002334 -0.729
600325 -0.73
002178 -0.735
300267 -0.736
000551 -0.737
000591 -0.738
000735 -0.74
002093 -0.74
600297 -0.741
600238 -0.741
600159 -0.744
002430 -0.748
002493 -0.75
002026 -0.752
600368 -0.755
300039 -0.756
000868 -0.757
300131 -0.761
000159 -0.764
600488 -0.765
600601 -0.771
600075 -0.774
002006 -0.775
000650 -0.784
000545 -0.789
601718 -0.794
600824 -0.795
300074 -0.796
000760 -0.798
002622 -0.799
002397 -0.802
601218 -0.807
600300 -0.809
000761 -0.811
600469 -0.812
600744 -0.813
000027 -0.813
300048 -0.817
600177 -0.817
600510 -0.823
600191 -0.828
002565 -0.828
000598 -0.834
000606 -0.838
600589 -0.84
600192 -0.844
600355 -0.846
600018 -0.846
002015 -0.847
000572 -0.858
600703 -0.862
002337 -0.863
300206 -0.865
300151 -0.872
600223 -0.873
000021 -0.875
600665 -0.876
002170 -0.876
600812 -0.88
603128 -0.881
002514 -0.888
600130 -0.896
000636 -0.897
600982 -0.897
600285 -0.899
002172 -0.904
000690 -0.908
300297 -0.909
600353 -0.909
300255 -0.91
600583 -0.912
601985 -0.917
600048 -0.918
300117 -0.922
002666 -0.924
600100 -0.924
601965 -0.924
002266 -0.925
000890 -0.931
600720 -0.932
002638 -0.933
600460 -0.933
600127 -0.936
002593 -0.938
600175 -0.939
000685 -0.939
002325 -0.943
002225 -0.944
002327 -0.945
000488 -0.945
600984 -0.954
000035 -0.954
000616 -0.955
600819 -0.961
002084 -0.961
000973 -0.962
300099 -0.963
300225 -0.963
600122 -0.967
300217 -0.968
600108 -0.969
601369 -0.969
600327 -0.973
600757 -0.973
000716 -0.987
300305 -0.988
600252 -0.992
300079 -0.994
000722 -0.996
600748 -0.999
601169 -1.009
600426 -1.013
300157 -1.013
002166 -1.014
600203 -1.015
002187 -1.018
300169 -1.021
002321 -1.023
002218 -1.029
600983 -1.036
002340 -1.036
002501 -1.036
600516 -1.038
601998 -1.039
603002 -1.041
002164 -1.041
600811 -1.044
300066 -1.045
002002 -1.047
300264 -1.053
002067 -1.054
600784 -1.055
000589 -1.062
002251 -1.066
002378 -1.068
600023 -1.069
601006 -1.073
002028 -1.074
600202 -1.076
600707 -1.079
600240 -1.091
002029 -1.091
300129 -1.097
600814 -1.098
002632 -1.1
603227 -1.105
000877 -1.108
601012 -1.11
000955 -1.114
600115 -1.114
300274 -1.118
600846 -1.126
000557 -1.126
000009 -1.131
600831 -1.131
600399 -1.14
600433 -1.141
000554 -1.146
002087 -1.146
000543 -1.147
600429 -1.151
600667 -1.152
600676 -1.152
002523 -1.153
000793 -1.154
600987 -1.155
600858 -1.155
600077 -1.159
000816 -1.16
002162 -1.162
600249 -1.164
600759 -1.167
601608 -1.168
300025 -1.176
002540 -1.182
600360 -1.184
000698 -1.188
600696 -1.189
600550 -1.199
600383 -1.203
002392 -1.204
600277 -1.206
600106 -1.207
600728 -1.209
300091 -1.212
002135 -1.212
600218 -1.213
600674 -1.218
002128 -1.22
002483 -1.221
002520 -1.221
002400 -1.226
000419 -1.226
601567 -1.232
000926 -1.233
601890 -1.24
601928 -1.242
000541 -1.243
000830 -1.244
600336 -1.249
600133 -1.251
300355 -1.252
002561 -1.26
000850 -1.264
002300 -1.266
601011 -1.27
600981 -1.275
300170 -1.277
600609 -1.278
600292 -1.284
002381 -1.292
600239 -1.296
600243 -1.3
000158 -1.3
000692 -1.301
000514 -1.308
600805 -1.309
002261 -1.31
002158 -1.311
600226 -1.312
300164 -1.312
002004 -1.317
000637 -1.32
300071 -1.323
002047 -1.326
300256 -1.328
002347 -1.33
600096 -1.331
601111 -1.332
000903 -1.335
600973 -1.343
600320 -1.344
000417 -1.345
600089 -1.346
300332 -1.348
002546 -1.348
002361 -1.349
601339 -1.351
601226 -1.351
601678 -1.358
600019 -1.366
002600 -1.366
600836 -1.367
002663 -1.371
600409 -1.374
600844 -1.38
300259 -1.384
002283 -1.384
002461 -1.388
600311 -1.388
000809 -1.391
600160 -1.394
000980 -1.395
001896 -1.396
600359 -1.396
603369 -1.401
002563 -1.404
300177 -1.405
600057 -1.405
000593 -1.415
300043 -1.416
601106 -1.421
600206 -1.429
600722 -1.432
000852 -1.436
600792 -1.437
600328 -1.437
002641 -1.442
000972 -1.442
000828 -1.455
600800 -1.464
000720 -1.467
600683 -1.467
600143 -1.476
300082 -1.477
000407 -1.482
002770 -1.484
002011 -1.485
300108 -1.487
600466 -1.491
600978 -1.507
002258 -1.509
002665 -1.514
000615 -1.516
002185 -1.519
601666 -1.52
000786 -1.525
601908 -1.527
002376 -1.538
002177 -1.541
601368 -1.544
002318 -1.546
002307 -1.547
300107 -1.55
600403 -1.551
600483 -1.551
002689 -1.572
600796 -1.581
600415 -1.588
601117 -1.588
000548 -1.6
002146 -1.603
600251 -1.605
300146 -1.606
300041 -1.608
601989 -1.609
300067 -1.615
600540 -1.615
600015 -1.615
600125 -1.622
600090 -1.63
600602 -1.63
002437 -1.636
600073 -1.64
002046 -1.641
603011 -1.642
600825 -1.647
300028 -1.649
300105 -1.653
000585 -1.654
002556 -1.654
002382 -1.656
600388 -1.662
002191 -1.664
000930 -1.674
002453 -1.677
000790 -1.68
002274 -1.691
600397 -1.694
600853 -1.7
600681 -1.703
601958 -1.705
600416 -1.715
600123 -1.72
600537 -1.729
600684 -1.735
300289 -1.741
000836 -1.745
000536 -1.753
600188 -1.755
300084 -1.764
002441 -1.767
002306 -1.783
600257 -1.784
002369 -1.786
300094 -1.789
002570 -1.79
300022 -1.791
002203 -1.799
002418 -1.8
002549 -1.805
300040 -1.811
600598 -1.812
600548 -1.815
601113 -1.82
000851 -1.823
002469 -1.826
601669 -1.833
600199 -1.843
600815 -1.848
002443 -1.854
600283 -1.86
002534 -1.863
002648 -1.866
002613 -1.866
002533 -1.866
000739 -1.867
000708 -1.868
600526 -1.869
600522 -1.873
002671 -1.874
300087 -1.879
000402 -1.881
600101 -1.881
000718 -1.883
000597 -1.891
002588 -1.902
600508 -1.906
601007 -1.907
600266 -1.911
300214 -1.916
002248 -1.918
002650 -1.926
000759 -1.931
002054 -1.943
000404 -1.947
002579 -1.953
300095 -1.967
002018 -1.977
600801 -1.979
600834 -1.992
600738 -1.992
300193 -2.003
000506 -2.012
300133 -2.014
002214 -2.022
300341 -2.03
601777 -2.033
600449 -2.033
601018 -2.037
601179 -2.037
002585 -2.043
603167 -2.05
600273 -2.051
000530 -2.062
002360 -2.066
000703 -2.072
002336 -2.077
600308 -2.078
002504 -2.086
601188 -2.104
600856 -2.112
600719 -2.117
002419 -2.118
300154 -2.119
600299 -2.122
600865 -2.127
600193 -2.131
002604 -2.135
000507 -2.139
000862 -2.152
300315 -2.167
600279 -2.17
600731 -2.172
300283 -2.177
600807 -2.179
600215 -2.18
600376 -2.195
002215 -2.196
601808 -2.199
600470 -2.201
601872 -2.204
002692 -2.205
600830 -2.212
002487 -2.224
600527 -2.224
600354 -2.225
000905 -2.23
600370 -2.245
600997 -2.254
002479 -2.26
600281 -2.262
600333 -2.267
000751 -2.275
600029 -2.284
600448 -2.298
000599 -2.305
600751 -2.311
600369 -2.316
300135 -2.316
000959 -2.319
000707 -2.319
002232 -2.333
600791 -2.347
600995 -2.35
601099 -2.354
600284 -2.355
600712 -2.36
600723 -2.377
000931 -2.382
600232 -2.382
600595 -2.395
002553 -2.404
300251 -2.407
600778 -2.413
600708 -2.444
002586 -2.449
601139 -2.451
000785 -2.511
000831 -2.54
300083 -2.544
000619 -2.547
300147 -2.566
600302 -2.571
002607 -2.585
002457 -2.586
600098 -2.602
603618 -2.606
600111 -2.616
600864 -2.625
000017 -2.63
601766 -2.673
600775 -2.679
600495 -2.683
000509 -2.688
002069 -2.689
002447 -2.707
600165 -2.722
002342 -2.738
000789 -2.74
000516 -2.742
002163 -2.756
002272 -2.795
600860 -2.808
000498 -2.809
600596 -2.812
600727 -2.812
000401 -2.842
600050 -2.86
000166 -2.87
000822 -2.881
000758 -2.891
002154 -2.904
600348 -2.931
601002 -2.954
002500 -2.975
002363 -2.988
600229 -3.01
002598 -3.015
002683 -3.019
002063 -3.023
000750 -3.028
000700 -3.031
601599 -3.033
002216 -3.034
600080 -3.037
000413 -3.038
000573 -3.041
600531 -3.094
000950 -3.096
600222 -3.098
600051 -3.1
002328 -3.102
002404 -3.125
002293 -3.128
300006 -3.153
002086 -3.155
000043 -3.157
603123 -3.182
000713 -3.186
002560 -3.187
603015 -3.204
600152 -3.216
000523 -3.234
601168 -3.244
000520 -3.267
000537 -3.269
600841 -3.275
300201 -3.277
002398 -3.277
600439 -3.278
002288 -3.281
600737 -3.344
300181 -3.345
002587 -3.371
600176 -3.379
000838 -3.382
600356 -3.385
601919 -3.402
600798 -3.432
000906 -3.434
000688 -3.44
300328 -3.48
600295 -3.564
600290 -3.665
600387 -3.665
000969 -3.682
000932 -3.692
300142 -3.696
002168 -3.709
601377 -3.723
600761 -3.724
002807 -3.758
600746 -3.771
600026 -3.802
600109 -3.805
002133 -3.811
000962 -3.813
600794 -3.813
000726 -3.814
002277 -3.82
000416 -3.822
000893 -3.842
600031 -3.846
601390 -3.862
002545 -3.881
601699 -3.893
002455 -3.894
000632 -3.898
600358 -3.941
600717 -3.945
603609 -3.946
000833 -3.947
601700 -3.957
600099 -3.96
300390 -3.973
603169 -3.981
601233 -3.986
000528 -4.006
300018 -4.009
600538 -4.013
002255 -4.013
300237 -4.031
600592 -4.039
002344 -4.07
002012 -4.092
002480 -4.092
000968 -4.128
601015 -4.191
002566 -4.202
000933 -4.228
300086 -4.23
600985 -4.271
600086 -4.342
002195 -4.354
002388 -4.401
601118 -4.478
600156 -4.484
000301 -4.491
002220 -4.548
300211 -4.6
002233 -4.603
600500 -4.672
600207 -4.701
601186 -4.748
601028 -4.789
600112 -4.831
600395 -4.847
300292 -4.874
002124 -4.928
002452 -5.012
000835 -5.068
000939 -5.115
300126 -5.117
000686 -5.126
000983 -5.197
603126 -5.217
600695 -5.313
002634 -5.322
002502 -5.351
601969 -5.446
000680 -5.481
000633 -5.553
002495 -5.644
002021 -5.662
000899 -5.665
002420 -5.738
300175 -5.985
600365 -6.062
300090 -6.072
601008 -6.125
000702 -6.149
002628 -6.221
601901 -6.243
000782 -6.301
600769 -6.355
002068 -6.366
000018 -6.377
000012 -6.389
603333 -6.396
000981 -6.465
000807 -6.473
002630 -6.532
601128 -6.601
000529 -6.659
002685 -6.749
002386 -6.881
000783 -6.897
000798 -6.904
000691 -7.106
300345 -7.388
600428 -7.396
002092 -7.481
000937 -7.497
002524 -7.517
600730 -7.601
300277 -7.727
600423 -8.169
002651 -8.29
000878 -8.67
002687 -8.877
600393 -9.545
000982 -9.618
600828 -9.769
002639 -10.216
600497 -10.593
002819 -11.142
300160 -11.297
600280 -11.457
002198 -11.678
002486 -13.077
000505 -13.877
000510 -14.019
002564 -15.065
002408 -16.302

Process finished with exit code 0
